3 10 20 1 27 3
2 10 20 2 27 5
2 10 20 3 27 7
2 10 20 4 27 9
3 10 20 5 27 11
2 10 5 6 27 13
2 10 5 7 37 15
2 10 5 8 35 17
2 10 5 9 35 21
3 10 5 10 35 23
2 20 30 11 35 25
2 20 30 12 35 27
2 20 30 13 35 29
2 20 30 14 48 31
3 20 30 15 48 33
2 20 35 16 48 35
2 20 35 17 48 37
2 20 35 18 48 39
2 20 35 19 10 41
3 20 35 20 10 43
1 30 40 21 10 45
2 30 40 22 10 47
2 30 40 23 10 49
2 30 40 24 10 2
3 30 40 25 10 4
2 30 45 26 23 6
2 30 45 27 23 8
2 30 45 28 23 12
2 30 45 29 23 14
3 30 45 30 31 16
1 40 50 31 41 18
2 40 50 32 31 19
2 40 50 33 31 22
2 40 50 34 31 24
3 40 50 35 31 26
2 40 50 36 21 28
2 40 2 37 21 32
2 40 2 38 21 34
2 40 2 39 21 36
3 40 2 40 11 38
1 40 2 41 11 42
2 40 4 42 11 44
2 40 4 43 11 46
2 40 4 44 11 48
3 40 4 45 11 5
2 40 4 46 11 45
2 40 6 47 1 45
2 40 6 48 1 45
2 40 6 49 1 45
3 40 6 50 1 45
1 50 6 49 1 45
2 49 8 48 1 45
2 48 8 47 1 45
2 47 8 46 1 45
3 46 8 45 1 45
2 45 8 44 2 25
2 44 8 43 3 25
2 43 8 42 4 25
2 42 8 41 5 25
3 41 8 40 6 25
1 40 8 4 7 15
2 39 12 14 9 15
2 38 12 24 10 15
2 37 12 34 11 15
3 36 12 14 13 15
2 35 12 4 14 15
2 34 12 24 16 15
2 33 12 34 17 15
2 32 12 44 18 15
3 31 12 1 19 15
1 30 12 1 20 35
2 29 12 1 21 35
2 28 13 7 22 35
2 27 13 7 23 35
3 26 13 7 24 35
2 25 13 7 25 35
2 24 13 7 26 35
2 23 13 47 27 35
2 22 27 47 28 35
3 21 27 47 29 35
1 20 27 34 30 11
2 19 27 34 31 20
2 18 27 3 32 20
2 17 44 3 33 20
3 16 44 3 34 20
2 15 44 3 35 20
2 14 44 4 36 20
2 13 44 4 37 20
2 12 44 4 38 20
3 11 44 4 39 20
1 10 47 4 40 1
2 9 47 4 41 1
2 8 47 4 42 1
2 7 47 4 43 1
3 6 47 4 44 1
2 5 47 4 45 1
2 4 47 4 46 1
2 3 47 4 48 1
2 2 47 4 49 1
3 1 47 4 50 10
1
1
1
1
1
1
1
1
1
1
3
3
3
3
3
3
3
3
3
3
3
3
3
3
3
3
3
3
3
3
2
2
2
2
2
2
2
2
2
2
2
2
2
2
2
2
2
2
2
2